+--------+--------+--------+--------+--------+--------+--------+--------+--------+
|   X1   |   X2   |   X3   |   X4   |   X5   |   X6   |   X7   |   X8   |   y    |
|--------+--------+--------+--------+--------+--------+--------+--------+--------|
| 0.7554 | 0.1364 | 0.0352 | 0.4132 | 0.6937 | 0.1591 | 0.3329 | 0.7154 | 1.0000 |
| 0.7334 | 0.7879 | 0.3819 | 0.3693 | 0.5619 | 0.4830 | 0.4351 | 0.5160 | 0.0000 |
| 0.7752 | 0.1364 | 0.1761 | 0.3290 | 0.7410 | 0.4259 | 0.4644 | 0.5268 | 1.0000 |
| 0.5905 | 0.7424 | 0.2720 | 0.2898 | 0.6920 | 0.3205 | 0.4019 | 0.6290 | 1.0000 |
| 0.7366 | 0.1212 | 0.2465 | 0.3290 | 0.7410 | 0.3249 | 0.5086 | 0.5631 | 1.0000 |
+--------+--------+--------+--------+--------+--------+--------+--------+--------+
Data Dimensions:  (5000, 9)
Data Config:
 {'target': 'y', 'task_type': 'classification', 'natural_partition': False}
Missing data simulation...
==================================================================
Scenario Summary
==================================================================
Total clients: 4
Global Test Data: (500, 9)
Missing Mechanism Category: MNAR (Self Masking Logit)
Clients Data Summary:
     Train     Test      Miss     MS Ratio    MS Feature    Seed
--  --------  -------  --------  ----------  ------------  ------
C1  (1125,9)  (113,9)  (1125,8)     0.47         8/8        6077
C2  (1125,9)  (113,9)  (1125,8)     0.51         8/8        577
C3  (1125,9)  (113,9)  (1125,8)     0.46         8/8        7231
C4  (1125,9)  (113,9)  (1125,8)     0.47         8/8        5504
==================================================================

Setting up pipeline...
==============================================================
Experiment ID: benchmark_demo
==============================================================
Description: benchmark demonstration
Persist Data: False
Evaluation:
  - metrics: ['imp_quality', 'local_pred', 'fed_pred']
  - model: lr
Seed: 100330201
--------------------------------------------------------------
    Imputer    Fed Strategy    Imp Params    Strategy Params
--  ---------  --------------  ------------  -----------------
 0  em         local           {}            {}
 1  em         fedem           {}            {}
 2  mice       local           {}            {}
 3  mice       fedmice         {}            {}
 4  gain       local           {}            {}
 5  gain       fedavg          {}            {}
==============================================================

(900, 8) (900,)
(900, 8) (900,)
(900, 8) (900,)
(900, 8) (900,)
(900, 8) (900,)
(900, 8) (900,)
(900, 8) (900,)
(900, 8) (900,)
(900, 8) (900,)
(900, 8) (900,)
(900, 8) (900,)
(900, 8) (900,)
(900, 8) (900,)
(900, 8) (900,)
(900, 8) (900,)
(900, 8) (900,)
(900, 8) (900,)
(900, 8) (900,)
(900, 8) (900,)
(900, 8) (900,)
(900, 8) (900,)
(900, 8) (900,)
(900, 8) (900,)
(900, 8) (900,)
(900, 8) (900,)
(900, 8) (900,)
(900, 8) (900,)
(900, 8) (900,)
(900, 8) (900,)
(900, 8) (900,)
(900, 8) (900,)
(900, 8) (900,)
(900, 8) (900,)
(900, 8) (900,)
(900, 8) (900,)
(900, 8) (900,)
(900, 8) (900,)
(900, 8) (900,)
(900, 8) (900,)
(900, 8) (900,)
(900, 8) (900,)
(900, 8) (900,)
(900, 8) (900,)
(900, 8) (900,)
(900, 8) (900,)
(900, 8) (900,)
(900, 8) (900,)
(900, 8) (900,)
(900, 8) (900,)
(900, 8) (900,)
(900, 8) (900,)
(900, 8) (900,)
(900, 8) (900,)
(900, 8) (900,)
(900, 8) (900,)
(900, 8) (900,)
(900, 8) (900,)
(900, 8) (900,)
(900, 8) (900,)
(900, 8) (900,)
(900, 8) (900,)
(900, 8) (900,)
(900, 8) (900,)
(900, 8) (900,)
(900, 8) (900,)
(900, 8) (900,)
(900, 8) (900,)
(900, 8) (900,)
(900, 8) (900,)
(900, 8) (900,)
(900, 8) (900,)
(900, 8) (900,)
(900, 8) (900,)
(900, 8) (900,)
(900, 8) (900,)
(900, 8) (900,)
(900, 8) (900,)
(900, 8) (900,)
(900, 8) (900,)
(900, 8) (900,)
(900, 8) (900,)
(900, 8) (900,)
(900, 8) (900,)
(900, 8) (900,)
(900, 8) (900,)
(900, 8) (900,)
(900, 8) (900,)
(900, 8) (900,)
(900, 8) (900,)
(900, 8) (900,)
Plotting results...
